# tap_unix_timestamp
1.54728741194738984107971191406250000000000000000000e+09
1.54728741274011182785034179687500000000000000000000e+09
1.54728741353937196731567382812500000000000000000000e+09
1.54728741436643600463867187500000000000000000000000e+09
1.54728741515922784805297851562500000000000000000000e+09
1.54728741594917511940002441406250000000000000000000e+09
1.54728741671512794494628906250000000000000000000000e+09
1.54728741751510286331176757812500000000000000000000e+09
1.54728741828873085975646972656250000000000000000000e+09
1.54728741910996699333190917968750000000000000000000e+09
1.54728741987394094467163085937500000000000000000000e+09
1.54728742066294288635253906250000000000000000000000e+09
1.54728742147766304016113281250000000000000000000000e+09
1.54728742226174497604370117187500000000000000000000e+09
1.54728742304758405685424804687500000000000000000000e+09
1.54728742380026698112487792968750000000000000000000e+09
1.54728742461915707588195800781250000000000000000000e+09
1.54728742536399006843566894531250000000000000000000e+09
1.54728742612986803054809570312500000000000000000000e+09
1.54728742695509886741638183593750000000000000000000e+09
1.54728742773601317405700683593750000000000000000000e+09
1.54728742851824688911437988281250000000000000000000e+09
1.54728742933707118034362792968750000000000000000000e+09
1.54728743013197016716003417968750000000000000000000e+09
1.54728743092316913604736328125000000000000000000000e+09
1.54728743172392201423645019531250000000000000000000e+09
1.54728743250294089317321777343750000000000000000000e+09
1.54728743328580093383789062500000000000000000000000e+09
1.54728743407296514511108398437500000000000000000000e+09
1.54728743489268898963928222656250000000000000000000e+09
